00000000000000000000000000000000
01110000000000100000000000000000
00001000000000001000000000000000
00001000000001100000000000000000
00001000000000100000000000000000
00001000000001100000000000000000
01110000000000100000000000000000
11110000000000010000000000000000
00000000000000110000000000000000
00000000000001110000000000000000
01110000000001100000000000000000
01110000000000100000000000000000
01110000000001100000000000000000
10000000000000000000000000000000
10100000000000000000000000000000
11111111111111111111111111111111
10000000000000000000000000000000
